1
1
1
2
14:10 16:45 19:15
1
1
1
1
21:45
1
2
2
4
14:25
1
2
2
2
16:30 18:40
1
2
2
1
21:00
1
3
3
2
16:10
1
3
4
5
14:00 18:50
1
3
5
1
20:45
1
4
6
2
20:00
1
4
7
2
13:20
1
4
6
1
15:40
1
4
7
1
17:40
1
4
8
1
22:00
1
5
9
2
13:45 21:50
1
5
9
1
17:50
1
5
10
2
19:50
1
5
10
1
15:50
1
6
8
1
16:20
1
6
11
2
19:00
1
6
11
1
13:30
1
6
3
1
21:40
2
1
5
1
20:45
2
1
3
2
16:10
2
1
4
5
14:10 18:50
2
2
8
1
17:40 22:00
2
2
4
5
15:35
2
2
2
1
20:00
2
2
7
1
13:15
2
3
10
1
19:45
2
3
9
2
13:50 17:50
2
3
9
1
21:50
2
3
10
2
15:50
2
4
1
2
13:30 18:40
2
4
1
1
16:00 21:25
2
5
2
1
21:10
2
5
2
4
14:20
2
5
2
2
16:40 19:00
2
6
11
1
21:40
2
6
3
1
19:15
2
6
11
2
13:40 16:20
3
1
12
1
14:45 21:20
3
1
13
1
17:00 19:15
3
2
5
1
14:00 17:20 20:45
3
3
3
1
14:15 16:30 18:45 21:00
3
4
8
1
14:30 16:45 19:00 21:30
